    unsorted:	 79.73129861 25.92952155 279.1477271 200010.8810
      sorted:	 25.92952155 79.73129861 279.1477271 200010.8810
