    unsorted:	 105.8518816 1.959792194
      sorted:	 1.959792194 105.8518816
