corr matrix
 1 0.95391 0.947024 0.913828 0.208457 -0.419338 0.0282621 -0.387961 -0.0339162 0.445964
 0.953897 1 0.984563 0.985181 0.284058 -0.348153 0.226619 -0.344192 -0.242124 0.374505
 0.947012 0.984564 1 0.991358 0.12933 -0.245441 0.235984 -0.366897 -0.243569 0.398636
 0.913813 0.98518 0.991355 1 0.172245 -0.210878 0.288686 -0.303238 -0.305029 0.324836
 0.208457 0.28406 0.129332 0.172248 1 -0.584962 0.265637 0.0997615 -0.279714 -0.0999164
 -0.419332 -0.348149 -0.245437 -0.210874 -0.584961 1 0.423001 0.633905 -0.431798 -0.651224
 0.0282461 0.226606 0.235971 0.288673 0.265634 0.423003 1 0.329975 -0.9894 -0.356495
 -0.38794 -0.344173 -0.366878 -0.30322 0.0997652 0.633903 0.329976 1 -0.356598 -0.992336
 -0.0339006 -0.242112 -0.243556 -0.305017 -0.279711 -0.4318 -0.9894 -0.356596 1 0.385124
 0.445942 0.374486 0.398617 0.324817 -0.0999202 -0.651222 -0.356496 -0.992336 0.385126 1
choleski decomp of corr matrix
 1 0 0 0 0 0 0 0 0 0
 0.953897 0.300134 0 0 0 0 0 0 0 0
 0.947012 0.270587 0.173064 0 0 0 0 0 0 0
 0.913813 0.378151 0.1366 0.0573417 0 0 0 0 0 0
 0.208457 0.283917 -0.837282 -0.195921 0.369473 0 0 0 0 0
 -0.419332 0.172758 0.606304 0.421456 0.118066 0.484919 0 0 0 0
 0.0282461 0.665243 0.16881 -0.205094 0.465613 0.513563 0.0745033 0 0 0
 -0.38794 0.0862341 -0.131903 0.639913 0.463047 0.437057 -0.0400056 0.0902598 0 0
 -0.0339006 -0.698935 -0.129025 0.137585 -0.420272 -0.526699 -0.0980528 0.0702888 0.0785406 0
 0.445942 -0.16958 0.12822 -0.629185 -0.434802 -0.404518 0.043323 -0.0588607 -0.0328711 0.0308865
tmp
 1 0 0 0 0 0 0 0 0 0
 0.953897 0.300134 0 0 0 0 0 0 0 0
 0.947012 0.270587 0.173064 0 0 0 0 0 0 0
 0.913813 0.378151 0.1366 0.0573417 0 0 0 0 0 0
 0.208457 0.283917 -0.837282 -0.195921 0.369473 0 0 0 0 0
 -0.419332 0.172758 0.606304 0.421456 0.118066 0.484919 0 0 0 0
 0.0282461 0.665243 0.16881 -0.205094 0.465613 0.513563 0.0745033 0 0 0
 -0.38794 0.0862341 -0.131903 0.639913 0.463047 0.437057 -0.0400056 0.0902598 0 0
 -0.0339006 -0.698935 -0.129025 0.137585 -0.420272 -0.526699 -0.0980528 0.0702888 0.0785406 0
 0.445942 -0.16958 0.12822 -0.629185 -0.434802 -0.404518 0.043323 -0.0588607 -0.0328711 0.0308865
T-S
 -2.22045e-016 -0.170574 -0.259013 -0.281446 0.0898522 -0.0252724 0.0877667 -0.0146085 -0.0904504 -0.0658333
 -0.170562 2.22045e-016 -0.112733 -0.160318 0.202171 0.113734 0.159021 0.207445 -0.132609 -0.271479
 -0.259001 -0.112734 0 -0.0606284 -0.0114752 0.300945 0.274304 0.0849023 -0.23675 -0.159792
 -0.281432 -0.160316 -0.0606258 0 -0.139415 0.421728 0.0556787 0.22241 -0.0305343 -0.270439
 0.0898521 0.202169 -0.0114773 -0.139418 -2.22045e-016 0.132854 0.0756963 0.19469 -0.0439262 -0.184259
 -0.0252785 0.11373 0.300941 0.421724 0.132853 0 -0.074632 -0.113706 0.111122 0.163119
 0.0877827 0.159034 0.274317 0.055691 0.0756997 -0.0746341 -1.11022e-016 -0.195137 0.0680157 0.249568
 -0.0146291 0.207427 0.0848838 0.222392 0.194687 -0.113703 -0.195138 0 0.300951 0.0525057
 -0.090466 -0.132622 -0.236763 -0.0305461 -0.0439295 0.111123 0.068016 0.300949 4.44089e-016 -0.410805
 -0.0658118 -0.27146 -0.159773 -0.27042 -0.184255 0.163116 0.249569 0.0525059 -0.410807 4.44089e-016
modified corr matrix
 1 0.783335 0.688011 0.632381 0.298309 -0.44461 0.116029 -0.40257 -0.124367 0.380131
 0.783335 1 0.87183 0.824863 0.486229 -0.234419 0.38564 -0.136747 -0.374734 0.103026
 0.688011 0.87183 1 0.930729 0.117855 0.055504 0.510288 -0.281994 -0.480319 0.238844
 0.632381 0.824863 0.930729 1 0.0328301 0.21085 0.344364 -0.0808276 -0.335563 0.0543969
 0.298309 0.486229 0.117855 0.0328301 1 -0.452108 0.341333 0.294452 -0.323641 -0.284176
 -0.44461 -0.234419 0.055504 0.21085 -0.452108 1 0.348369 0.5202 -0.320676 -0.488106
 0.116029 0.38564 0.510288 0.344364 0.341333 0.348369 1 0.134838 -0.921384 -0.106928
 -0.40257 -0.136747 -0.281994 -0.0808276 0.294452 0.5202 0.134838 1 -0.0556467 -0.93983
 -0.124367 -0.374734 -0.480319 -0.335563 -0.323641 -0.320676 -0.921384 -0.0556467 1 -0.0256809
 0.380131 0.103026 0.238844 0.0543969 -0.284176 -0.488106 -0.106928 -0.93983 -0.0256809 1
modified S
 0.0453997 12.9761 0.122988 27.5872 0.00285689 -0.00284403 0.000646065 -0.00146583 -0.000697131 0.00264278
 12.9761 6044.2 56.8645 13129.7 1.69907 -0.54713 0.783494 -0.181678 -0.766437 0.261348
 0.122988 56.8645 0.70385 159.87 0.00444414 0.00139795 0.0111877 -0.00404293 -0.0106012 0.00653816
 27.5872 13129.7 159.87 41918.4 0.302117 1.296 1.84249 -0.282799 -1.80743 0.363395
 0.00285689 1.69907 0.00444414 0.302117 0.00202023 -0.000610057 0.000400925 0.000226168 -0.00038269 -0.000416763
 -0.00284403 -0.54713 0.00139795 1.296 -0.000610057 0.000901274 0.000273308 0.000266879 -0.000253268 -0.000478128
 0.000646065 0.783494 0.0111877 1.84249 0.000400925 0.000273308 0.000682919 6.0216e-005 -0.000633446 -9.1175e-005
 -0.00146583 -0.181678 -0.00404293 -0.282799 0.000226168 0.000266879 6.0216e-005 0.000292032 -2.50172e-005 -0.000524043
 -0.000697131 -0.766437 -0.0106012 -1.80743 -0.00038269 -0.000253268 -0.000633446 -2.50172e-005 0.0006921 -2.20443e-005
 0.00264278 0.261348 0.00653816 0.363395 -0.000416763 -0.000478128 -9.1175e-005 -0.000524043 -2.20443e-005 0.00106464
S* modified S
 448.805 -1.36463 -248.297 1.05326 -241.529 -392.684 1040.1 -659.456 328.184 -104.884
 -750740 3319.82 371393 -1970.55 -806141 -1.1997e+006 -1.22887e+006 7949.04 -1.14478e+006 -1.38702e+006
 -4770.32 17.8253 2595.12 -12.2313 -992.269 -1252.82 -9935.69 -121.925 -5599.65 -5724.93
 442221 -2735.74 -166642 1248.51 1.59147e+006 2.48802e+006 253391 32535.2 1.24834e+006 1.72836e+006
 -705.427 3.25233 339.032 -1.86235 -936.08 -1407.39 -1067.56 44.9968 -1155.18 -1422.03
 272.24 -1.42918 -120.909 0.744591 607.803 937.192 315.761 66.8329 579.091 793.906
 -352.226 1.40875 183.826 -0.907299 -196.575 -284.28 -668.509 54.4116 -463.75 -482.216
 42.9093 -0.213247 -21.124 0.121226 94.2373 152.131 68.836 50.7459 110.589 150.069
 313.088 -1.23341 -164.254 0.803001 152.114 217.691 613 -76.3224 411.078 394.714
 -26.0322 0.143388 12.2742 -0.0770644 -95.0868 -159.557 -46.4814 -25.2269 -110.097 -120.754
